2018757618
2018757619
2018757620
2018757621
2018757622
2018757623
2018757624
2018757625
2018757626
2018757627
2018757628
2018757629
2018757630
2018757631
2018757632
2018757633
2018757634
2018757635
2018757636
2018757637
2018757638
2018757639
2018757848
2018757642
2018757643
2018757644
2018757645
2018757646
2018757647
2018757648
2018757649
2018757650
2018757651
2018757652
2018757653
2018757654
2018757655
2018757656
2018757657
2018757658
2018757659
2018757660
2018757661
2018757662
2018757663
2018757666
2018757667
2018757668
2018757669
2018757670
2018757671
2018757672
2018757673
2018757674
2018757675
2018757676
2018757677
2018757678
2018757679
2018757680
2018757681
2018757682
2018757683
2018757684
2018757685
2018757686
2018757687
2018757688
2018757689
2018757690
2018757691
2018757692
2018757693
2018757694
2018757696
2018757698
2018757699
2018757700
2018757701
2018757702
2018757703
2018757704
2018757705
2018757706
2018757707
2018757708
2018757709
2018757710
2018757711
2018757712
2018757713
2018757714
2018757716
2018757717
2018757718
2018757719
2018757720
2018757721
2018757722
2018757723
2018757724
2018757725
2018757726
2018757726
2018757728
2018757729
2018757730
2018757731
2018757732
2018757733
2018757734
2018757735
2018757736
2018757737
2018757738
2018757739
2018757740
2018757741
2018757742
2018757743
2018757744
2018757745
2018757746
2018757747
2018757748
2018757749
2018757750
2018757751
2018757752
2018757753
2018757754
2018757755
2018757756
2018757757
2018757758
2018757759
2018757760
2018757761
2018757762
2018757763
2018757764
2018757765
2018757766
2018757767
2018757768
2018757769
2018757770
2018757771
2018757772
2018757773
2018757774
2018757775
2018757776
2018757777
2018757778
2018757779
2018757780
2018757781
2018757782
2018757783
2018757784
2018757785
2018757786
2018757787
2018757788
2018757790
2018757791
2018757792
2018757793
2018757794
2018757795
2018757796
2018757797
2018757798
2018757799
2018757800
2018757801
2018757802
2018757803
2018757804
2018757806
2018757807
2018757808
2018757809
2018757810
2018757811
2018757812
2018757813
2018757814
2018757815
2018757816
2018757817
2018757818
2018757819
2018757820
2018757821
2018757822
2018757823
2018757824
2018757825
2018757826
2018757827
2018757828
2018757829
2018757830
2018757831
2018757832
2018757833
2018757834
2018757835
2018757836
2018757837
2018757838
2018757839
2018757840
2018757841
2018757842
2018757843
2018757844
2018757845
2018757846
2018757847
2022397713
2019463561
2023530821
2023530823
2023530824
2023530825
2023530826
2024422568
2011482137
2024422570
2023530859
2023530858
2023530857
2023530855
2023530854
2023530860
2024422567
2023530822
2023530826
2023530827
2023530828
2023530829
2024422566
2023530830
2024422563
2024422565
2024422564
2024422569
2023530862
