2018757618
2018757619
2018757620
2018757621
2018757622
2018757623
2018757624
2018757625
2018757626
2018757627
2018757628
2018757629
2018757630
2018757631
2018757632
2018757633
2018757634
2018757635
2018757636
2018757637
2018757638
2018757639
2018757848
2018757642
2018757643
2018757644
2018757645
2018757646
2018757647
2018757648
2018757649
2018757650
2018757651
2018757652
2018757653
2018757654
2018757655
2018757656
2018757657
2018757658
2018757659
2018757660
2018757661
2018757662
2018757663
2018757666
2018757667
2018757668
2018757669
2018757670
