2018757671
2018757672
2018757673
2018757674
2018757675
2018757676
2018757677
2018757678
2018757679
2018757680
2018757681
2018757682
2018757683
2018757684
2018757685
2018757686
2018757687
2018757688
2018757689
2018757690
2018757691
2018757692
2018757693
2018757694
2018757696
2018757698
2018757699
2018757700
2018757701
2018757702
2018757703
2018757704
2018757705
2018757706
2018757707
2018757708
2018757709
2018757710
2018757711
2018757712
2018757713
2018757714
2018757716
2018757717
2018757718
2018757719
2018757720
2018757721
2018757722
2018757723

