2018757724
2018757725
2018757726
2018757726
2018757728
2018757729
2018757730
2018757731
2018757732
2018757733
2018757734
2018757735
2018757736
2018757737
2018757738
2018757739
2018757740
2018757741
2018757742
2018757743
2018757744
2018757745
2018757746
2018757747
2018757748
2018757749
2018757750
2018757751
2018757752
2018757753
2018757754
2018757755
2018757756
2018757757
2018757758
2018757759
2018757760
2018757761
2018757762
2018757763
2018757764
2018757765
2018757766
2018757767
2018757768
2018757769
2018757770
2018757771
2018757772
2018757773
