2018757774
2018757775
2018757776
2018757777
2018757778
2018757779
2018757780
2018757781
2018757782
2018757783
2018757784
2018757785
2018757786
2018757787
2018757788
2018757790
2018757791
2018757792
2018757793
2018757794
2018757795
2018757796
2018757797
2018757798
2018757799
2018757800
2018757801
2018757802
2018757803
2018757804
2018757806
2018757807
2018757808
2018757809
2018757810
2018757811
2018757812
2018757813
2018757814
2018757815
2018757816
2018757817
2018757818
2018757819
2018757820
2018757821
2018757822
2018757823
2018757824
2018757825
2018757826
2018757827
2018757828
2018757829
2018757830
2018757831
2018757832
2018757833
2018757834
2018757835
2018757836
2018757837
2018757838
2018757839
2018757840
2018757841
2018757842
2018757843
2018757844
2018757845
2018757846
2018757847
2022397713
2019463561
2023530821
2023530823
2023530824
2023530825
2023530826
2024422568
2011482137
2024422570
2023530859
2023530858
2023530857
2023530855
2023530854
2023530860
2024422567
2023530822
2023530826
2023530827
2023530828
2023530829
2024422566
2023530830
2024422563
2024422565
2024422564
2024422569
2023530862
